[simulation]
formulation=homography
N = 15
m = 2
T = 0.1
double_support_lenght = 2
single_support_lenght = 7
iterations = 350
robot = hrp

[qp]
alpha = 1e-6
betah11 = 1
betah13 = 1
betah33 = 1
gamma = 1e-6
eta = 1e-2
kappa = 1e-2

# camera only (x, y)

[reference]
orientation = 0.0:400
camera_position0_x = 1.5
camera_position0_y = 0.0
orientation0 = 0.0
p00 = 12.07,2.12726896,1.714
p01 = 12.07,2.12726896,1.414
p02 = 12.07,-2.12726896,1.714
p03 = 12.07,-2.12726896,1.414

camera_position1_x = 3.5
camera_position1_y = 0.0
orientation1 = 0.0
p10 = 12.07,2.12726896,1.714
p11 = 12.07,2.12726896,1.414
p12 = 12.07,-2.12726896,1.714
p13 = 12.07,-2.12726896,1.414

camera_position2_x = 5.5
camera_position2_y = 0.0
orientation2 = 0.0
p20 = 12.07,2.12726896,1.714
p21 = 12.07,2.12726896,1.414
p22 = 12.07,-2.12726896,1.714
p23 = 12.07,-2.12726896,1.414

[initial_values]
orientation = 0.0
foot_x_position = 0.0
foot_y_position = 0.0

[hidden]
d = 4.5 
